C,0
W,3
G,-23,-19,-15,-11,-7,-3,0,0,0,0,0
T,15
S,85
H,70
L,40
P,10
P_F,0
F_V00,-26,-23,-6,-35,-9,23,82,70,89,103,139,91,56,13,-78,-347,-482,-275,118,237,140,-25,-21,356,862,324,-1097,-1210,692,1639,-287,14377
F_V01,-26,-23,-6,-35,-9,23,82,70,89,103,139,91,56,13,-78,-347,-482,-275,118,237,140,-25,-21,356,862,324,-1097,-1210,692,1639,-287,14377
F_V02,-26,-23,-6,-35,-9,23,82,70,89,103,139,91,56,13,-78,-347,-482,-275,118,237,140,-25,-21,356,862,324,-1097,-1210,692,1639,-287,14377
F_V03,-26,-23,-6,-35,-9,23,82,70,89,103,139,91,56,13,-78,-347,-482,-275,118,237,140,-25,-21,356,862,324,-1097,-1210,692,1639,-287,14377
F_V04,-26,-23,-6,-35,-9,23,82,70,89,103,139,91,56,13,-78,-347,-482,-275,118,237,140,-25,-21,356,862,324,-1097,-1210,692,1639,-287,14377
F_V05,-26,-23,-6,-35,-9,23,82,70,89,103,139,91,56,13,-78,-347,-482,-275,118,237,140,-25,-21,356,862,324,-1097,-1210,692,1639,-287,14377
F_V06,-26,-23,-6,-35,-9,23,82,70,89,103,139,91,56,13,-78,-347,-482,-275,118,237,140,-25,-21,356,862,324,-1097,-1210,692,1639,-287,14377
F_V07,-26,-23,-6,-35,-9,23,82,70,89,103,139,91,56,13,-78,-347,-482,-275,118,237,140,-25,-21,356,862,324,-1097,-1210,692,1639,-287,14377
F_V08,-26,-23,-6,-35,-9,23,82,70,89,103,139,91,56,13,-78,-347,-482,-275,118,237,140,-25,-21,356,862,324,-1097,-1210,692,1639,-287,14377
F_V09,-26,-23,-6,-35,-9,23,82,70,89,103,139,91,56,13,-78,-347,-482,-275,118,237,140,-25,-21,356,862,324,-1097,-1210,692,1639,-287,14377
F_V10,-26,-23,-6,-35,-9,23,82,70,89,103,139,91,56,13,-78,-347,-482,-275,118,237,140,-25,-21,356,862,324,-1097,-1210,692,1639,-287,14377
R_1,0
R_2,0
R_3,0
R_4,0
U,1
