C,300
W,6
G,-16,-12,-8,-4,0,4,0,0,0,0,0
T,20
S,40
H,65
L,40
P,90
P_F,0
F_V00,-43,-59,-41,-72,-51,-50,-27,-9,21,-19,8,59,72,89,160,66,-2,50,251,254,-44,-159,-11,115,474,-246,-724,375,72,-1055,2808,11943
F_V01,-43,-59,-41,-72,-51,-50,-27,-9,21,-19,8,59,72,89,160,66,-2,50,251,254,-44,-159,-11,115,474,-246,-724,375,72,-1055,2808,11943
F_V02,-43,-59,-41,-72,-51,-50,-27,-9,21,-19,8,59,72,89,160,66,-2,50,251,254,-44,-159,-11,115,474,-246,-724,375,72,-1055,2808,11943
F_V03,-43,-59,-41,-72,-51,-50,-27,-9,21,-19,8,59,72,89,160,66,-2,50,251,254,-44,-159,-11,115,474,-246,-724,375,72,-1055,2808,11943
F_V04,-43,-59,-41,-72,-51,-50,-27,-9,21,-19,8,59,72,89,160,66,-2,50,251,254,-44,-159,-11,115,474,-246,-724,375,72,-1055,2808,11943
F_V05,-43,-59,-41,-72,-51,-50,-27,-9,21,-19,8,59,72,89,160,66,-2,50,251,254,-44,-159,-11,115,474,-246,-724,375,72,-1055,2808,11943
F_V06,-43,-59,-41,-72,-51,-50,-27,-9,21,-19,8,59,72,89,160,66,-2,50,251,254,-44,-159,-11,115,474,-246,-724,375,72,-1055,2808,11943
F_V07,-43,-59,-41,-72,-51,-50,-27,-9,21,-19,8,59,72,89,160,66,-2,50,251,254,-44,-159,-11,115,474,-246,-724,375,72,-1055,2808,11943
F_V08,-43,-59,-41,-72,-51,-50,-27,-9,21,-19,8,59,72,89,160,66,-2,50,251,254,-44,-159,-11,115,474,-246,-724,375,72,-1055,2808,11943
F_V09,-43,-59,-41,-72,-51,-50,-27,-9,21,-19,8,59,72,89,160,66,-2,50,251,254,-44,-159,-11,115,474,-246,-724,375,72,-1055,2808,11943
F_V10,-43,-59,-41,-72,-51,-50,-27,-9,21,-19,8,59,72,89,160,66,-2,50,251,254,-44,-159,-11,115,474,-246,-724,375,72,-1055,2808,11943
R_1,0
R_2,0
R_3,0
R_4,0
U,1
