C,0
W,1
G,-12,-8,-4,0,4,8,0,0,0,0,0
T,21
S,80
H,65
L,60
P,0
P_F,0
F_V00,24,-4,47,34,67,21,27,-16,17,7,57,52,98,94,127,85,41,-86,-179,-265,-251,-206,-149,-162,-246,-294,-266,114,505,1434,535,9757
F_V01,24,-4,47,34,67,21,27,-16,17,7,57,52,98,94,127,85,41,-86,-179,-265,-251,-206,-149,-162,-246,-294,-266,114,505,1434,535,9757
F_V02,24,-4,47,34,67,21,27,-16,17,7,57,52,98,94,127,85,41,-86,-179,-265,-251,-206,-149,-162,-246,-294,-266,114,505,1434,535,9757
F_V03,24,-4,47,34,67,21,27,-16,17,7,57,52,98,94,127,85,41,-86,-179,-265,-251,-206,-149,-162,-246,-294,-266,114,505,1434,535,9757
F_V04,24,-4,47,34,67,21,27,-16,17,7,57,52,98,94,127,85,41,-86,-179,-265,-251,-206,-149,-162,-246,-294,-266,114,505,1434,535,9757
F_V05,24,-4,47,34,67,21,27,-16,17,7,57,52,98,94,127,85,41,-86,-179,-265,-251,-206,-149,-162,-246,-294,-266,114,505,1434,535,9757
F_V06,24,-4,47,34,67,21,27,-16,17,7,57,52,98,94,127,85,41,-86,-179,-265,-251,-206,-149,-162,-246,-294,-266,114,505,1434,535,9757
F_V07,24,-4,47,34,67,21,27,-16,17,7,57,52,98,94,127,85,41,-86,-179,-265,-251,-206,-149,-162,-246,-294,-266,114,505,1434,535,9757
F_V08,24,-4,47,34,67,21,27,-16,17,7,57,52,98,94,127,85,41,-86,-179,-265,-251,-206,-149,-162,-246,-294,-266,114,505,1434,535,9757
F_V09,24,-4,47,34,67,21,27,-16,17,7,57,52,98,94,127,85,41,-86,-179,-265,-251,-206,-149,-162,-246,-294,-266,114,505,1434,535,9757
F_V10,24,-4,47,34,67,21,27,-16,17,7,57,52,98,94,127,85,41,-86,-179,-265,-251,-206,-149,-162,-246,-294,-266,114,505,1434,535,9757
R_1,0
R_2,0
R_3,0
R_4,0
U,1
