C,450
W,3
G,-17,-7,-4,-1,2,5,0,0,0,0,0
T,19
S,75
H,70
L,85
P,10
P_F,3800
F_V00,4,0,0,0,0,0,0,0,0,0,0,0,0,0,0,0,0,0,0,0,0,0,0,0,0,0,0,0,0,0,0,16384
F_V01,4,-22,4,-23,3,-25,4,-30,2,-32,1,-39,-1,-48,-4,-55,-8,-71,-11,-96,-22,-157,-85,-264,-189,-550,-244,-1349,818,62,-97,21930
F_V02,5,-23,5,-24,5,-27,5,-31,4,-35,3,-42,1,-52,-1,-60,-4,-76,-5,-106,-11,-167,-75,-275,-175,-584,-144,-1591,1226,-133,-687,23021
F_V03,7,-23,6,-27,7,-29,7,-32,5,-37,5,-45,3,-55,2,-63,0,-81,0,-111,-2,-177,-68,-283,-167,-611,-55,-1813,1592,-301,-1200,23967
F_V04,6,-27,6,-31,5,-34,6,-37,5,-44,3,-53,2,-66,-1,-76,-3,-98,1,-137,-7,-219,-104,-358,-250,-822,-69,-2434,2017,-385,-1470,26361
F_V05,7,-29,8,-32,7,-36,9,-40,6,-46,7,-58,6,-70,4,-80,3,-104,9,-149,6,-231,-99,-357,-252,-864,118,-2898,2720,-676,-2435,8096
F_V06,8,-31,7,-35,7,-39,8,-44,6,-52,6,-63,4,-78,3,-89,0,-115,5,-166,1,-264,-132,-399,-343,-969,108,-3377,3184,-822,-2734,29913
F_V07,7,-32,7,-35,8,-38,6,-44,6,-52,7,-64,4,-75,2,-89,1,-114,-7,-150,11,-352,-10,-338,-790,-240,-33,-4829,5215,-1177,-4299,32088
F_V08,7,-38,8,-43,10,-48,7,-54,8,-64,8,-77,7,-97,7,-105,-2,-149,34,-223,-8,-292,-236,-375,-653,-1254,811,-6241,5362,-128,-5256,32767
F_V09,12,-46,12,-53,14,-59,14,-66,16,-76,16,-91,12,-113,14,-128,9,-166,57,-232,71,-403,15,-824,-281,-2158,677,-7110,4587,964,-5187,32767
F_V10,8,-50,6,-56,10,-64,9,-70,11,-85,7,-98,-3,-127,8,-143,-5,-174,56,-239,11,-429,-27,-1230,-533,-2356,-678,-7773,5264,449,-4024,32767
R_1,0
R_2,0
R_3,0
R_4,0
U,1
