C,200
W,7
G,-18,-14,-10,-6,-4,0,0,0,0,0,0
T,15
S,85
H,65
L,40
P,25
P_F,0
F_V00,107,-40,180,136,67,46,221,33,80,69,0,-152,66,-70,-172,-130,17,-217,-109,-126,-168,-9,303,-148,-1,723,348,-1074,-580,366,-806,14074
F_V01,107,-40,180,136,67,46,221,33,80,69,0,-152,66,-70,-172,-130,17,-217,-109,-126,-168,-9,303,-148,-1,723,348,-1074,-580,366,-806,14074
F_V02,107,-40,180,136,67,46,221,33,80,69,0,-152,66,-70,-172,-130,17,-217,-109,-126,-168,-9,303,-148,-1,723,348,-1074,-580,366,-806,14074
F_V03,107,-40,180,136,67,46,221,33,80,69,0,-152,66,-70,-172,-130,17,-217,-109,-126,-168,-9,303,-148,-1,723,348,-1074,-580,366,-806,14074
F_V04,2,-1,5,1,-1,-11,0,12,15,-20,-24,9,51,4,-69,-32,84,68,-74,-132,56,179,42,-282,-182,509,48,-81,-988,540,2584,11772
F_V05,2,-1,5,1,-1,-11,0,12,15,-20,-24,9,51,4,-69,-32,84,68,-74,-132,56,179,42,-282,-182,509,48,-81,-988,540,2584,11772
F_V06,2,-1,5,1,-1,-11,0,12,15,-20,-24,9,51,4,-69,-32,84,68,-74,-132,56,179,42,-282,-182,509,48,-81,-988,540,2584,11772
F_V07,2,-1,5,1,-1,-11,0,12,15,-20,-24,9,51,4,-69,-32,84,68,-74,-132,56,179,42,-282,-182,509,48,-81,-988,540,2584,11772
F_V08,2,-1,5,1,-1,-11,0,12,15,-20,-24,9,51,4,-69,-32,84,68,-74,-132,56,179,42,-282,-182,509,48,-81,-988,540,2584,11772
F_V09,2,-1,5,1,-1,-11,0,12,15,-20,-24,9,51,4,-69,-32,84,68,-74,-132,56,179,42,-282,-182,509,48,-81,-988,540,2584,11772
F_V10,2,-1,5,1,-1,-11,0,12,15,-20,-24,9,51,4,-69,-32,84,68,-74,-132,56,179,42,-282,-182,509,48,-81,-988,540,2584,11772
R_1,0
R_2,0
R_3,0
R_4,0
U,1
