C,0
W,1
G,0,0,0,0,0,0,0,0,0,0,0
T,12
S,85
H,65
L,40
P,0
P_F,0
F_V00,44,-73,64,-44,77,-56,56,-65,57,-69,40,-88,42,-61,92,-46,66,-75,71,16,215,36,122,-116,-19,-9,231,-163,320,-1133,-931,16710
F_V01,44,-73,64,-44,77,-56,56,-65,57,-69,40,-88,42,-61,92,-46,66,-75,71,16,215,36,122,-116,-19,-9,231,-163,320,-1133,-931,16710
F_V02,44,-73,64,-44,77,-56,56,-65,57,-69,40,-88,42,-61,92,-46,66,-75,71,16,215,36,122,-116,-19,-9,231,-163,320,-1133,-931,16710
F_V03,44,-73,64,-44,77,-56,56,-65,57,-69,40,-88,42,-61,92,-46,66,-75,71,16,215,36,122,-116,-19,-9,231,-163,320,-1133,-931,16710
F_V04,44,-73,64,-44,77,-56,56,-65,57,-69,40,-88,42,-61,92,-46,66,-75,71,16,215,36,122,-116,-19,-9,231,-163,320,-1133,-931,16710
F_V05,44,-73,64,-44,77,-56,56,-65,57,-69,40,-88,42,-61,92,-46,66,-75,71,16,215,36,122,-116,-19,-9,231,-163,320,-1133,-931,16710
F_V06,44,-73,64,-44,77,-56,56,-65,57,-69,40,-88,42,-61,92,-46,66,-75,71,16,215,36,122,-116,-19,-9,231,-163,320,-1133,-931,16710
F_V07,44,-73,64,-44,77,-56,56,-65,57,-69,40,-88,42,-61,92,-46,66,-75,71,16,215,36,122,-116,-19,-9,231,-163,320,-1133,-931,16710
F_V08,44,-73,64,-44,77,-56,56,-65,57,-69,40,-88,42,-61,92,-46,66,-75,71,16,215,36,122,-116,-19,-9,231,-163,320,-1133,-931,16710
F_V09,44,-73,64,-44,77,-56,56,-65,57,-69,40,-88,42,-61,92,-46,66,-75,71,16,215,36,122,-116,-19,-9,231,-163,320,-1133,-931,16710
F_V10,44,-73,64,-44,77,-56,56,-65,57,-69,40,-88,42,-61,92,-46,66,-75,71,16,215,36,122,-116,-19,-9,231,-163,320,-1133,-931,16710
R_1,0
R_2,0
R_3,0
R_4,0
U,1
