C,300
W,5
G,-20,-16,-12,-8,-4,0,0,0,0,0,0
T,10
S,85
H,70
L,70
P,0
P_F,0
F_V00,-106,-153,-159,-167,-169,-168,-136,-147,-190,-249,-221,-138,-76,-123,-144,-95,-17,74,278,360,113,-152,99,452,382,215,410,27,-895,-605,2610,8380
F_V01,-106,-153,-159,-167,-169,-168,-136,-147,-190,-249,-221,-138,-76,-123,-144,-95,-17,74,278,360,113,-152,99,452,382,215,410,27,-895,-605,2610,8380
F_V02,-106,-153,-159,-167,-169,-168,-136,-147,-190,-249,-221,-138,-76,-123,-144,-95,-17,74,278,360,113,-152,99,452,382,215,410,27,-895,-605,2610,8380
F_V03,-106,-153,-159,-167,-169,-168,-136,-147,-190,-249,-221,-138,-76,-123,-144,-95,-17,74,278,360,113,-152,99,452,382,215,410,27,-895,-605,2610,8380
F_V04,-106,-153,-159,-167,-169,-168,-136,-147,-190,-249,-221,-138,-76,-123,-144,-95,-17,74,278,360,113,-152,99,452,382,215,410,27,-895,-605,2610,8380
F_V05,-106,-153,-159,-167,-169,-168,-136,-147,-190,-249,-221,-138,-76,-123,-144,-95,-17,74,278,360,113,-152,99,452,382,215,410,27,-895,-605,2610,8380
F_V06,-106,-153,-159,-167,-169,-168,-136,-147,-190,-249,-221,-138,-76,-123,-144,-95,-17,74,278,360,113,-152,99,452,382,215,410,27,-895,-605,2610,8380
F_V07,-106,-153,-159,-167,-169,-168,-136,-147,-190,-249,-221,-138,-76,-123,-144,-95,-17,74,278,360,113,-152,99,452,382,215,410,27,-895,-605,2610,8380
F_V08,-106,-153,-159,-167,-169,-168,-136,-147,-190,-249,-221,-138,-76,-123,-144,-95,-17,74,278,360,113,-152,99,452,382,215,410,27,-895,-605,2610,8380
F_V09,-106,-153,-159,-167,-169,-168,-136,-147,-190,-249,-221,-138,-76,-123,-144,-95,-17,74,278,360,113,-152,99,452,382,215,410,27,-895,-605,2610,8380
F_V10,-106,-153,-159,-167,-169,-168,-136,-147,-190,-249,-221,-138,-76,-123,-144,-95,-17,74,278,360,113,-152,99,452,382,215,410,27,-895,-605,2610,8380
R_1,0
R_2,0
R_3,0
R_4,0
U,1
