C,0
W,3
G,-20,-16,-12,-8,-4,0,0,0,0,0,0
T,8
S,85
H,65
L,40
P,10
P_F,0
F_V00,12,-17,-15,11,29,1,-12,-31,-12,28,47,-11,-18,-44,-66,80,186,-91,-220,53,123,-102,266,48,-566,211,-656,2352,-1480,-1706,2440,14704
F_V01,12,-17,-15,11,29,1,-12,-31,-12,28,47,-11,-18,-44,-66,80,186,-91,-220,53,123,-102,266,48,-566,211,-656,2352,-1480,-1706,2440,14704
F_V02,12,-17,-15,11,29,1,-12,-31,-12,28,47,-11,-18,-44,-66,80,186,-91,-220,53,123,-102,266,48,-566,211,-656,2352,-1480,-1706,2440,14704
F_V03,12,-17,-15,11,29,1,-12,-31,-12,28,47,-11,-18,-44,-66,80,186,-91,-220,53,123,-102,266,48,-566,211,-656,2352,-1480,-1706,2440,14704
F_V04,12,-17,-15,11,29,1,-12,-31,-12,28,47,-11,-18,-44,-66,80,186,-91,-220,53,123,-102,266,48,-566,211,-656,2352,-1480,-1706,2440,14704
F_V05,12,-17,-15,11,29,1,-12,-31,-12,28,47,-11,-18,-44,-66,80,186,-91,-220,53,123,-102,266,48,-566,211,-656,2352,-1480,-1706,2440,14704
F_V06,12,-17,-15,11,29,1,-12,-31,-12,28,47,-11,-18,-44,-66,80,186,-91,-220,53,123,-102,266,48,-566,211,-656,2352,-1480,-1706,2440,14704
F_V07,12,-17,-15,11,29,1,-12,-31,-12,28,47,-11,-18,-44,-66,80,186,-91,-220,53,123,-102,266,48,-566,211,-656,2352,-1480,-1706,2440,14704
F_V08,12,-17,-15,11,29,1,-12,-31,-12,28,47,-11,-18,-44,-66,80,186,-91,-220,53,123,-102,266,48,-566,211,-656,2352,-1480,-1706,2440,14704
F_V09,12,-17,-15,11,29,1,-12,-31,-12,28,47,-11,-18,-44,-66,80,186,-91,-220,53,123,-102,266,48,-566,211,-656,2352,-1480,-1706,2440,14704
F_V10,12,-17,-15,11,29,1,-12,-31,-12,28,47,-11,-18,-44,-66,80,186,-91,-220,53,123,-102,266,48,-566,211,-656,2352,-1480,-1706,2440,14704
R_1,0
R_2,0
R_3,0
R_4,0
U,1
