C,0
W,3
G,-16,-12,-8,-4,0,4,0,0,0,0,0
T,15
S,85
H,70
L,40
P,10
P_F,0
F_V00,85,88,47,-43,-115,-117,-37,28,59,61,17,-59,-16,140,205,21,-251,-307,1,151,-243,-386,502,1052,711,-239,-2577,-16,490,776,1196,14040
F_V01,85,88,47,-43,-115,-117,-37,28,59,61,17,-59,-16,140,205,21,-251,-307,1,151,-243,-386,502,1052,711,-239,-2577,-16,490,776,1196,14040
F_V02,85,88,47,-43,-115,-117,-37,28,59,61,17,-59,-16,140,205,21,-251,-307,1,151,-243,-386,502,1052,711,-239,-2577,-16,490,776,1196,14040
F_V03,85,88,47,-43,-115,-117,-37,28,59,61,17,-59,-16,140,205,21,-251,-307,1,151,-243,-386,502,1052,711,-239,-2577,-16,490,776,1196,14040
F_V04,85,88,47,-43,-115,-117,-37,28,59,61,17,-59,-16,140,205,21,-251,-307,1,151,-243,-386,502,1052,711,-239,-2577,-16,490,776,1196,14040
F_V05,85,88,47,-43,-115,-117,-37,28,59,61,17,-59,-16,140,205,21,-251,-307,1,151,-243,-386,502,1052,711,-239,-2577,-16,490,776,1196,14040
F_V06,85,88,47,-43,-115,-117,-37,28,59,61,17,-59,-16,140,205,21,-251,-307,1,151,-243,-386,502,1052,711,-239,-2577,-16,490,776,1196,14040
F_V07,85,88,47,-43,-115,-117,-37,28,59,61,17,-59,-16,140,205,21,-251,-307,1,151,-243,-386,502,1052,711,-239,-2577,-16,490,776,1196,14040
F_V08,85,88,47,-43,-115,-117,-37,28,59,61,17,-59,-16,140,205,21,-251,-307,1,151,-243,-386,502,1052,711,-239,-2577,-16,490,776,1196,14040
F_V09,85,88,47,-43,-115,-117,-37,28,59,61,17,-59,-16,140,205,21,-251,-307,1,151,-243,-386,502,1052,711,-239,-2577,-16,490,776,1196,14040
F_V10,85,88,47,-43,-115,-117,-37,28,59,61,17,-59,-16,140,205,21,-251,-307,1,151,-243,-386,502,1052,711,-239,-2577,-16,490,776,1196,14040
R_1,0
R_2,0
R_3,0
R_4,0
U,1
