C,0
W,3
G,-19,-15,-11,-7,-3,1,0,0,0,0,0
T,15
S,85
H,65
L,40
P,10
P_F,0
F_V00,0,-5,-6,8,-19,-2,-8,-61,-35,-64,-101,-100,-182,-140,-26,120,229,94,153,174,155,-29,174,634,-442,207,623,-230,1233,-496,1876,12335
F_V01,0,-5,-6,8,-19,-2,-8,-61,-35,-64,-101,-100,-182,-140,-26,120,229,94,153,174,155,-29,174,634,-442,207,623,-230,1233,-496,1876,12335
F_V02,0,-5,-6,8,-19,-2,-8,-61,-35,-64,-101,-100,-182,-140,-26,120,229,94,153,174,155,-29,174,634,-442,207,623,-230,1233,-496,1876,12335
F_V03,0,-5,-6,8,-19,-2,-8,-61,-35,-64,-101,-100,-182,-140,-26,120,229,94,153,174,155,-29,174,634,-442,207,623,-230,1233,-496,1876,12335
F_V04,0,-5,-6,8,-19,-2,-8,-61,-35,-64,-101,-100,-182,-140,-26,120,229,94,153,174,155,-29,174,634,-442,207,623,-230,1233,-496,1876,12335
F_V05,0,-5,-6,8,-19,-2,-8,-61,-35,-64,-101,-100,-182,-140,-26,120,229,94,153,174,155,-29,174,634,-442,207,623,-230,1233,-496,1876,12335
F_V06,0,-5,-6,8,-19,-2,-8,-61,-35,-64,-101,-100,-182,-140,-26,120,229,94,153,174,155,-29,174,634,-442,207,623,-230,1233,-496,1876,12335
F_V07,0,-5,-6,8,-19,-2,-8,-61,-35,-64,-101,-100,-182,-140,-26,120,229,94,153,174,155,-29,174,634,-442,207,623,-230,1233,-496,1876,12335
F_V08,0,-5,-6,8,-19,-2,-8,-61,-35,-64,-101,-100,-182,-140,-26,120,229,94,153,174,155,-29,174,634,-442,207,623,-230,1233,-496,1876,12335
F_V09,0,-5,-6,8,-19,-2,-8,-61,-35,-64,-101,-100,-182,-140,-26,120,229,94,153,174,155,-29,174,634,-442,207,623,-230,1233,-496,1876,12335
F_V10,0,-5,-6,8,-19,-2,-8,-61,-35,-64,-101,-100,-182,-140,-26,120,229,94,153,174,155,-29,174,634,-442,207,623,-230,1233,-496,1876,12335
R_1,0
R_2,0
R_3,0
R_4,0
U,1
