C,200
W,8
G,-12,-8,-4,0,4,8,0,0,0,0,0
T,15
S,60
H,62
L,80
P,60
P_F,0
F_V00,1,3,3,-1,-4,-3,-1,8,9,-10,-12,2,18,5,-25,-15,19,35,-19,-82,48,76,-48,-13,-57,95,161,-195,-522,760,435,15042
F_V01,1,3,3,-1,-4,-3,-1,8,9,-10,-12,2,18,5,-25,-15,19,35,-19,-82,48,76,-48,-13,-57,95,161,-195,-522,760,435,15042
F_V02,1,3,3,-1,-4,-3,-1,8,9,-10,-12,2,18,5,-25,-15,19,35,-19,-82,48,76,-48,-13,-57,95,161,-195,-522,760,435,15042
F_V03,1,3,3,-1,-4,-3,-1,8,9,-10,-12,2,18,5,-25,-15,19,35,-19,-82,48,76,-48,-13,-57,95,161,-195,-522,760,435,15042
F_V04,1,3,3,-1,-4,-3,-1,8,9,-10,-12,2,18,5,-25,-15,19,35,-19,-82,48,76,-48,-13,-57,95,161,-195,-522,760,435,15042
F_V05,1,3,3,-1,-4,-3,-1,8,9,-10,-12,2,18,5,-25,-15,19,35,-19,-82,48,76,-48,-13,-57,95,161,-195,-522,760,435,15042
F_V06,1,3,3,-1,-4,-3,-1,8,9,-10,-12,2,18,5,-25,-15,19,35,-19,-82,48,76,-48,-13,-57,95,161,-195,-522,760,435,15042
F_V07,1,3,3,-1,-4,-3,-1,8,9,-10,-12,2,18,5,-25,-15,19,35,-19,-82,48,76,-48,-13,-57,95,161,-195,-522,760,435,15042
F_V08,1,3,3,-1,-4,-3,-1,8,9,-10,-12,2,18,5,-25,-15,19,35,-19,-82,48,76,-48,-13,-57,95,161,-195,-522,760,435,15042
F_V09,1,3,3,-1,-4,-3,-1,8,9,-10,-12,2,18,5,-25,-15,19,35,-19,-82,48,76,-48,-13,-57,95,161,-195,-522,760,435,15042
F_V10,1,3,3,-1,-4,-3,-1,8,9,-10,-12,2,18,5,-25,-15,19,35,-19,-82,48,76,-48,-13,-57,95,161,-195,-522,760,435,15042
R_1,0
R_2,0
R_3,0
R_4,0
U,1
