C,0
W,3
G,-19,-15,-11,-7,-3,1,0,0,0,0,0
T,15
S,85
H,65
L,40
P,10
P_F,0
F_V00,-7,-9,9,-13,-3,-3,-26,-34,-63,-60,-85,-148,-148,-168,-50,188,167,149,174,101,292,-147,226,746,-653,445,506,-288,1635,-1152,2840,12128
F_V01,-7,-9,9,-13,-3,-3,-26,-34,-63,-60,-85,-148,-148,-168,-50,188,167,149,174,101,292,-147,226,746,-653,445,506,-288,1635,-1152,2840,12128
F_V02,-7,-9,9,-13,-3,-3,-26,-34,-63,-60,-85,-148,-148,-168,-50,188,167,149,174,101,292,-147,226,746,-653,445,506,-288,1635,-1152,2840,12128
F_V03,-7,-9,9,-13,-3,-3,-26,-34,-63,-60,-85,-148,-148,-168,-50,188,167,149,174,101,292,-147,226,746,-653,445,506,-288,1635,-1152,2840,12128
F_V04,-7,-9,9,-13,-3,-3,-26,-34,-63,-60,-85,-148,-148,-168,-50,188,167,149,174,101,292,-147,226,746,-653,445,506,-288,1635,-1152,2840,12128
F_V05,-7,-9,9,-13,-3,-3,-26,-34,-63,-60,-85,-148,-148,-168,-50,188,167,149,174,101,292,-147,226,746,-653,445,506,-288,1635,-1152,2840,12128
F_V06,-7,-9,9,-13,-3,-3,-26,-34,-63,-60,-85,-148,-148,-168,-50,188,167,149,174,101,292,-147,226,746,-653,445,506,-288,1635,-1152,2840,12128
F_V07,-7,-9,9,-13,-3,-3,-26,-34,-63,-60,-85,-148,-148,-168,-50,188,167,149,174,101,292,-147,226,746,-653,445,506,-288,1635,-1152,2840,12128
F_V08,-7,-9,9,-13,-3,-3,-26,-34,-63,-60,-85,-148,-148,-168,-50,188,167,149,174,101,292,-147,226,746,-653,445,506,-288,1635,-1152,2840,12128
F_V09,-7,-9,9,-13,-3,-3,-26,-34,-63,-60,-85,-148,-148,-168,-50,188,167,149,174,101,292,-147,226,746,-653,445,506,-288,1635,-1152,2840,12128
F_V10,-7,-9,9,-13,-3,-3,-26,-34,-63,-60,-85,-148,-148,-168,-50,188,167,149,174,101,292,-147,226,746,-653,445,506,-288,1635,-1152,2840,12128
R_1,0
R_2,0
R_3,0
R_4,0
U,1
