C,0
W,5
G,-18,-14,-10,-6,-2,2,0,0,0,0,0
T,15
S,60
H,60
L,50
P,10
P_F,0
F_V00,19,3,-17,-7,16,13,-4,12,48,30,-19,-4,94,139,61,-30,16,119,91,-7,37,164,136,-57,-109,72,189,-98,-67,1393,4275,6468
F_V01,19,3,-17,-7,16,13,-4,12,48,30,-19,-4,94,139,61,-30,16,119,91,-7,37,164,136,-57,-109,72,189,-98,-67,1393,4275,6468
F_V02,19,3,-17,-7,16,13,-4,12,48,30,-19,-4,94,139,61,-30,16,119,91,-7,37,164,136,-57,-109,72,189,-98,-67,1393,4275,6468
F_V03,19,3,-17,-7,16,13,-4,12,48,30,-19,-4,94,139,61,-30,16,119,91,-7,37,164,136,-57,-109,72,189,-98,-67,1393,4275,6468
F_V04,19,3,-17,-7,16,13,-4,12,48,30,-19,-4,94,139,61,-30,16,119,91,-7,37,164,136,-57,-109,72,189,-98,-67,1393,4275,6468
F_V05,19,3,-17,-7,16,13,-4,12,48,30,-19,-4,94,139,61,-30,16,119,91,-7,37,164,136,-57,-109,72,189,-98,-67,1393,4275,6468
F_V06,19,3,-17,-7,16,13,-4,12,48,30,-19,-4,94,139,61,-30,16,119,91,-7,37,164,136,-57,-109,72,189,-98,-67,1393,4275,6468
F_V07,19,3,-17,-7,16,13,-4,12,48,30,-19,-4,94,139,61,-30,16,119,91,-7,37,164,136,-57,-109,72,189,-98,-67,1393,4275,6468
F_V08,0,-5,-6,8,-19,-2,-8,-61,-35,-64,-101,-100,-182,-140,-26,120,229,94,153,174,155,-29,174,634,-442,207,623,-230,1233,-496,1876,12335
F_V09,0,-5,-6,8,-19,-2,-8,-61,-35,-64,-101,-100,-182,-140,-26,120,229,94,153,174,155,-29,174,634,-442,207,623,-230,1233,-496,1876,12335
F_V10,0,-5,-6,8,-19,-2,-8,-61,-35,-64,-101,-100,-182,-140,-26,120,229,94,153,174,155,-29,174,634,-442,207,623,-230,1233,-496,1876,12335
R_1,0
R_2,0
R_3,0
R_4,0
U,1
