C,0
W,7
G,-16,-12,-8,-4,0,4,0,0,0,0,0
T,15
S,85
H,65
L,40
P,30
P_F,0
F_V00,4,0,0,0,0,-4,2,2,1,-2,1,-7,5,6,-8,-4,12,10,-6,18,-9,-29,75,-50,-62,277,-449,431,-288,-95,741,15288
F_V01,4,0,0,0,0,-4,2,2,1,-2,1,-7,5,6,-8,-4,12,10,-6,18,-9,-29,75,-50,-62,277,-449,431,-288,-95,741,15288
F_V02,4,0,0,0,0,-4,2,2,1,-2,1,-7,5,6,-8,-4,12,10,-6,18,-9,-29,75,-50,-62,277,-449,431,-288,-95,741,15288
F_V03,4,0,0,0,0,-4,2,2,1,-2,1,-7,5,6,-8,-4,12,10,-6,18,-9,-29,75,-50,-62,277,-449,431,-288,-95,741,15288
F_V04,4,0,0,0,0,-4,2,2,1,-2,1,-7,5,6,-8,-4,12,10,-6,18,-9,-29,75,-50,-62,277,-449,431,-288,-95,741,15288
F_V05,4,0,0,0,0,-4,2,2,1,-2,1,-7,5,6,-8,-4,12,10,-6,18,-9,-29,75,-50,-62,277,-449,431,-288,-95,741,15288
F_V06,4,0,0,0,0,-4,2,2,1,-2,1,-7,5,6,-8,-4,12,10,-6,18,-9,-29,75,-50,-62,277,-449,431,-288,-95,741,15288
F_V07,4,0,0,0,0,-4,2,2,1,-2,1,-7,5,6,-8,-4,12,10,-6,18,-9,-29,75,-50,-62,277,-449,431,-288,-95,741,15288
F_V08,4,0,0,0,0,-4,2,2,1,-2,1,-7,5,6,-8,-4,12,10,-6,18,-9,-29,75,-50,-62,277,-449,431,-288,-95,741,15288
F_V09,4,0,0,0,0,-4,2,2,1,-2,1,-7,5,6,-8,-4,12,10,-6,18,-9,-29,75,-50,-62,277,-449,431,-288,-95,741,15288
F_V10,4,0,0,0,0,-4,2,2,1,-2,1,-7,5,6,-8,-4,12,10,-6,18,-9,-29,75,-50,-62,277,-449,431,-288,-95,741,15288
R_1,0
R_2,0
R_3,0
R_4,0
U,1
