C,300
W,6
G,-20,-16,-12,-8,-4,0,0,0,0,0,0
T,20
S,75
H,72
L,40
P,90
P_F,3800
F_V00,28,8,23,-3,19,-27,-19,-38,9,-3,94,110,104,14,37,2,15,25,166,153,314,282,296,91,15,-319,-498,371,684,-1183,870,12195
F_V01,28,8,23,-3,19,-27,-19,-38,9,-3,94,110,104,14,37,2,15,25,166,153,314,282,296,91,15,-319,-498,371,684,-1183,870,12195
F_V02,28,8,23,-3,19,-27,-19,-38,9,-3,94,110,104,14,37,2,15,25,166,153,314,282,296,91,15,-319,-498,371,684,-1183,870,12195
F_V03,28,8,23,-3,19,-27,-19,-38,9,-3,94,110,104,14,37,2,15,25,166,153,314,282,296,91,15,-319,-498,371,684,-1183,870,12195
F_V04,28,8,23,-3,19,-27,-19,-38,9,-3,94,110,104,14,37,2,15,25,166,153,314,282,296,91,15,-319,-498,371,684,-1183,870,12195
F_V05,28,8,23,-3,19,-27,-19,-38,9,-3,94,110,104,14,37,2,15,25,166,153,314,282,296,91,15,-319,-498,371,684,-1183,870,12195
F_V06,28,8,23,-3,19,-27,-19,-38,9,-3,94,110,104,14,37,2,15,25,166,153,314,282,296,91,15,-319,-498,371,684,-1183,870,12195
F_V07,28,8,23,-3,19,-27,-19,-38,9,-3,94,110,104,14,37,2,15,25,166,153,314,282,296,91,15,-319,-498,371,684,-1183,870,12195
F_V08,28,8,23,-3,19,-27,-19,-38,9,-3,94,110,104,14,37,2,15,25,166,153,314,282,296,91,15,-319,-498,371,684,-1183,870,12195
F_V09,28,8,23,-3,19,-27,-19,-38,9,-3,94,110,104,14,37,2,15,25,166,153,314,282,296,91,15,-319,-498,371,684,-1183,870,12195
F_V10,28,8,23,-3,19,-27,-19,-38,9,-3,94,110,104,14,37,2,15,25,166,153,314,282,296,91,15,-319,-498,371,684,-1183,870,12195
R_1,0
R_2,0
R_3,0
R_4,0
U,1
