C,300
W,3
G,-16,-12,-8,-4,0,4,0,0,0,0,0
T,20
S,75
H,60
L,50
P,90
P_F,0
F_V00,24,13,21,-25,-11,-25,-37,-74,-59,-57,-27,-22,31,16,42,57,53,69,198,168,30,-109,-22,-17,-259,-184,65,-586,-878,-152,-270,15509
F_V01,24,13,21,-25,-11,-25,-37,-74,-59,-57,-27,-22,31,16,42,57,53,69,198,168,30,-109,-22,-17,-259,-184,65,-586,-878,-152,-270,15509
F_V02,24,13,21,-25,-11,-25,-37,-74,-59,-57,-27,-22,31,16,42,57,53,69,198,168,30,-109,-22,-17,-259,-184,65,-586,-878,-152,-270,15509
F_V03,24,13,21,-25,-11,-25,-37,-74,-59,-57,-27,-22,31,16,42,57,53,69,198,168,30,-109,-22,-17,-259,-184,65,-586,-878,-152,-270,15509
F_V04,24,13,21,-25,-11,-25,-37,-74,-59,-57,-27,-22,31,16,42,57,53,69,198,168,30,-109,-22,-17,-259,-184,65,-586,-878,-152,-270,15509
F_V05,24,13,21,-25,-11,-25,-37,-74,-59,-57,-27,-22,31,16,42,57,53,69,198,168,30,-109,-22,-17,-259,-184,65,-586,-878,-152,-270,15509
F_V06,24,13,21,-25,-11,-25,-37,-74,-59,-57,-27,-22,31,16,42,57,53,69,198,168,30,-109,-22,-17,-259,-184,65,-586,-878,-152,-270,15509
F_V07,24,13,21,-25,-11,-25,-37,-74,-59,-57,-27,-22,31,16,42,57,53,69,198,168,30,-109,-22,-17,-259,-184,65,-586,-878,-152,-270,15509
F_V08,24,13,21,-25,-11,-25,-37,-74,-59,-57,-27,-22,31,16,42,57,53,69,198,168,30,-109,-22,-17,-259,-184,65,-586,-878,-152,-270,15509
F_V09,24,13,21,-25,-11,-25,-37,-74,-59,-57,-27,-22,31,16,42,57,53,69,198,168,30,-109,-22,-17,-259,-184,65,-586,-878,-152,-270,15509
F_V10,24,13,21,-25,-11,-25,-37,-74,-59,-57,-27,-22,31,16,42,57,53,69,198,168,30,-109,-22,-17,-259,-184,65,-586,-878,-152,-270,15509
R_1,0
R_2,0
R_3,0
R_4,0
U,1
