C,200
W,3
G,-13,-9,-5,-1,3,7,0,0,0,0,0
T,20
S,40
H,75
L,40
P,30
P_F,0
F_V00,3,-1,2,-1,1,-2,1,-2,2,-1,1,-2,2,-1,1,-2,0,-2,3,-2,-2,0,12,-2,-18,13,36,-208,-122,742,753,13979
F_V01,3,-1,2,-1,1,-2,1,-2,2,-1,1,-2,2,-1,1,-2,0,-2,3,-2,-2,0,12,-2,-18,13,36,-208,-122,742,753,13979
F_V02,3,-1,2,-1,1,-2,1,-2,2,-1,1,-2,2,-1,1,-2,0,-2,3,-2,-2,0,12,-2,-18,13,36,-208,-122,742,753,13979
F_V03,3,-1,2,-1,1,-2,1,-2,2,-1,1,-2,2,-1,1,-2,0,-2,3,-2,-2,0,12,-2,-18,13,36,-208,-122,742,753,13979
F_V04,3,-1,2,-1,1,-2,1,-2,2,-1,1,-2,2,-1,1,-2,0,-2,3,-2,-2,0,12,-2,-18,13,36,-208,-122,742,753,13979
F_V05,3,-1,2,-1,1,-2,1,-2,2,-1,1,-2,2,-1,1,-2,0,-2,3,-2,-2,0,12,-2,-18,13,36,-208,-122,742,753,13979
F_V06,3,-1,2,-1,1,-2,1,-2,2,-1,1,-2,2,-1,1,-2,0,-2,3,-2,-2,0,12,-2,-18,13,36,-208,-122,742,753,13979
F_V07,3,-1,2,-1,1,-2,1,-2,2,-1,1,-2,2,-1,1,-2,0,-2,3,-2,-2,0,12,-2,-18,13,36,-208,-122,742,753,13979
F_V08,3,-1,2,-1,1,-2,1,-2,2,-1,1,-2,2,-1,1,-2,0,-2,3,-2,-2,0,12,-2,-18,13,36,-208,-122,742,753,13979
F_V09,3,-1,2,-1,1,-2,1,-2,2,-1,1,-2,2,-1,1,-2,0,-2,3,-2,-2,0,12,-2,-18,13,36,-208,-122,742,753,13979
F_V10,3,-1,2,-1,1,-2,1,-2,2,-1,1,-2,2,-1,1,-2,0,-2,3,-2,-2,0,12,-2,-18,13,36,-208,-122,742,753,13979
R_1,0
R_2,0
R_3,0
R_4,0
U,1
