C,0
W,1
G,1,1,1,1,1,1,0,0,0,0,0
T,15
S,85
H,65
L,40
P,0
P_F,0
F_V00,-4,-6,-6,4,10,9,-9,-19,-9,17,27,8,-31,-38,-3,50,49,-10,-76,-61,33,115,72,-75,-180,-80,171,319,86,-531,-1210,19126
F_V01,-4,-6,-6,4,10,9,-9,-19,-9,17,27,8,-31,-38,-3,50,49,-10,-76,-61,33,115,72,-75,-180,-80,171,319,86,-531,-1210,19126
F_V02,-4,-6,-6,4,10,9,-9,-19,-9,17,27,8,-31,-38,-3,50,49,-10,-76,-61,33,115,72,-75,-180,-80,171,319,86,-531,-1210,19126
F_V03,-4,-6,-6,4,10,9,-9,-19,-9,17,27,8,-31,-38,-3,50,49,-10,-76,-61,33,115,72,-75,-180,-80,171,319,86,-531,-1210,19126
F_V04,-4,-6,-6,4,10,9,-9,-19,-9,17,27,8,-31,-38,-3,50,49,-10,-76,-61,33,115,72,-75,-180,-80,171,319,86,-531,-1210,19126
F_V05,-4,-6,-6,4,10,9,-9,-19,-9,17,27,8,-31,-38,-3,50,49,-10,-76,-61,33,115,72,-75,-180,-80,171,319,86,-531,-1210,19126
F_V06,-4,-6,-6,4,10,9,-9,-19,-9,17,27,8,-31,-38,-3,50,49,-10,-76,-61,33,115,72,-75,-180,-80,171,319,86,-531,-1210,19126
F_V07,-4,-6,-6,4,10,9,-9,-19,-9,17,27,8,-31,-38,-3,50,49,-10,-76,-61,33,115,72,-75,-180,-80,171,319,86,-531,-1210,19126
F_V08,-4,-6,-6,4,10,9,-9,-19,-9,17,27,8,-31,-38,-3,50,49,-10,-76,-61,33,115,72,-75,-180,-80,171,319,86,-531,-1210,19126
F_V09,-4,-6,-6,4,10,9,-9,-19,-9,17,27,8,-31,-38,-3,50,49,-10,-76,-61,33,115,72,-75,-180,-80,171,319,86,-531,-1210,19126
F_V10,-4,-6,-6,4,10,9,-9,-19,-9,17,27,8,-31,-38,-3,50,49,-10,-76,-61,33,115,72,-75,-180,-80,171,319,86,-531,-1210,19126
R_1,0
R_2,0
R_3,0
R_4,0
U,1
