C,200
W,8
G,-20,-16,-12,-8,-4,0,0,0,0,0,0
T,20
S,40
H,65
L,80
P,100
P_F,7400
F_V00,31,73,151,121,73,78,97,98,153,60,-116,-89,41,-57,-112,-58,-183,-260,41,42,-292,-132,248,-3,128,699,170,-1230,-263,8,1934,9053
F_V01,31,73,151,121,73,78,97,98,153,60,-116,-89,41,-57,-112,-58,-183,-260,41,42,-292,-132,248,-3,128,699,170,-1230,-263,8,1934,9053
F_V02,31,73,151,121,73,78,97,98,153,60,-116,-89,41,-57,-112,-58,-183,-260,41,42,-292,-132,248,-3,128,699,170,-1230,-263,8,1934,9053
F_V03,31,73,151,121,73,78,97,98,153,60,-116,-89,41,-57,-112,-58,-183,-260,41,42,-292,-132,248,-3,128,699,170,-1230,-263,8,1934,9053
F_V04,31,73,151,121,73,78,97,98,153,60,-116,-89,41,-57,-112,-58,-183,-260,41,42,-292,-132,248,-3,128,699,170,-1230,-263,8,1934,9053
F_V05,31,73,151,121,73,78,97,98,153,60,-116,-89,41,-57,-112,-58,-183,-260,41,42,-292,-132,248,-3,128,699,170,-1230,-263,8,1934,9053
F_V06,31,73,151,121,73,78,97,98,153,60,-116,-89,41,-57,-112,-58,-183,-260,41,42,-292,-132,248,-3,128,699,170,-1230,-263,8,1934,9053
F_V07,31,73,151,121,73,78,97,98,153,60,-116,-89,41,-57,-112,-58,-183,-260,41,42,-292,-132,248,-3,128,699,170,-1230,-263,8,1934,9053
F_V08,31,73,151,121,73,78,97,98,153,60,-116,-89,41,-57,-112,-58,-183,-260,41,42,-292,-132,248,-3,128,699,170,-1230,-263,8,1934,9053
F_V09,31,73,151,121,73,78,97,98,153,60,-116,-89,41,-57,-112,-58,-183,-260,41,42,-292,-132,248,-3,128,699,170,-1230,-263,8,1934,9053
F_V10,31,73,151,121,73,78,97,98,153,60,-116,-89,41,-57,-112,-58,-183,-260,41,42,-292,-132,248,-3,128,699,170,-1230,-263,8,1934,9053
R_1,0
R_2,0
R_3,0
R_4,0
U,1
