C,50
W,0
G,0,0,0,0,0,0,0,0,0,0,0
T,14
S,85
H,80
L,30
P,0
P_F,0
F_V00,21,-34,4,-42,14,-14,42,10,39,-18,12,-61,-2,-42,25,15,61,-1,32,-98,-14,-89,17,105,179,89,206,-411,88,-1576,179,15150
F_V01,21,-34,4,-42,14,-14,42,10,39,-18,12,-61,-2,-42,25,15,61,-1,32,-98,-14,-89,17,105,179,89,206,-411,88,-1576,179,15150
F_V02,21,-34,4,-42,14,-14,42,10,39,-18,12,-61,-2,-42,25,15,61,-1,32,-98,-14,-89,17,105,179,89,206,-411,88,-1576,179,15150
F_V03,21,-34,4,-42,14,-14,42,10,39,-18,12,-61,-2,-42,25,15,61,-1,32,-98,-14,-89,17,105,179,89,206,-411,88,-1576,179,15150
F_V04,21,-34,4,-42,14,-14,42,10,39,-18,12,-61,-2,-42,25,15,61,-1,32,-98,-14,-89,17,105,179,89,206,-411,88,-1576,179,15150
F_V05,21,-34,4,-42,14,-14,42,10,39,-18,12,-61,-2,-42,25,15,61,-1,32,-98,-14,-89,17,105,179,89,206,-411,88,-1576,179,15150
F_V06,21,-34,4,-42,14,-14,42,10,39,-18,12,-61,-2,-42,25,15,61,-1,32,-98,-14,-89,17,105,179,89,206,-411,88,-1576,179,15150
F_V07,21,-34,4,-42,14,-14,42,10,39,-18,12,-61,-2,-42,25,15,61,-1,32,-98,-14,-89,17,105,179,89,206,-411,88,-1576,179,15150
F_V08,21,-34,4,-42,14,-14,42,10,39,-18,12,-61,-2,-42,25,15,61,-1,32,-98,-14,-89,17,105,179,89,206,-411,88,-1576,179,15150
F_V09,21,-34,4,-42,14,-14,42,10,39,-18,12,-61,-2,-42,25,15,61,-1,32,-98,-14,-89,17,105,179,89,206,-411,88,-1576,179,15150
F_V10,21,-34,4,-42,14,-14,42,10,39,-18,12,-61,-2,-42,25,15,61,-1,32,-98,-14,-89,17,105,179,89,206,-411,88,-1576,179,15150
R_1,0
R_2,0
R_3,0
R_4,0
U,1
