C,300
W,3
G,-14,-10,-6,-2,2,6,0,0,0,0,0
T,15
S,60
H,60
L,40
P,40
P_F,0
F_V00,6,14,10,-16,-28,-3,31,24,-12,-27,-15,-5,8,57,69,-43,-172,-66,233,287,-111,-474,-187,471,471,-314,-745,-121,852,834,-431,15217
F_V01,6,14,10,-16,-28,-3,31,24,-12,-27,-15,-5,8,57,69,-43,-172,-66,233,287,-111,-474,-187,471,471,-314,-745,-121,852,834,-431,15217
F_V02,6,14,10,-16,-28,-3,31,24,-12,-27,-15,-5,8,57,69,-43,-172,-66,233,287,-111,-474,-187,471,471,-314,-745,-121,852,834,-431,15217
F_V03,6,14,10,-16,-28,-3,31,24,-12,-27,-15,-5,8,57,69,-43,-172,-66,233,287,-111,-474,-187,471,471,-314,-745,-121,852,834,-431,15217
F_V04,6,14,10,-16,-28,-3,31,24,-12,-27,-15,-5,8,57,69,-43,-172,-66,233,287,-111,-474,-187,471,471,-314,-745,-121,852,834,-431,15217
F_V05,6,14,10,-16,-28,-3,31,24,-12,-27,-15,-5,8,57,69,-43,-172,-66,233,287,-111,-474,-187,471,471,-314,-745,-121,852,834,-431,15217
F_V06,6,14,10,-16,-28,-3,31,24,-12,-27,-15,-5,8,57,69,-43,-172,-66,233,287,-111,-474,-187,471,471,-314,-745,-121,852,834,-431,15217
F_V07,6,14,10,-16,-28,-3,31,24,-12,-27,-15,-5,8,57,69,-43,-172,-66,233,287,-111,-474,-187,471,471,-314,-745,-121,852,834,-431,15217
F_V08,6,14,10,-16,-28,-3,31,24,-12,-27,-15,-5,8,57,69,-43,-172,-66,233,287,-111,-474,-187,471,471,-314,-745,-121,852,834,-431,15217
F_V09,6,14,10,-16,-28,-3,31,24,-12,-27,-15,-5,8,57,69,-43,-172,-66,233,287,-111,-474,-187,471,471,-314,-745,-121,852,834,-431,15217
F_V10,6,14,10,-16,-28,-3,31,24,-12,-27,-15,-5,8,57,69,-43,-172,-66,233,287,-111,-474,-187,471,471,-314,-745,-121,852,834,-431,15217
R_1,0
R_2,0
R_3,0
R_4,0
U,1
