C,150
W,0
G,0,0,0,0,0,0,0,0,0,0,0
T,18
S,85
H,65
L,40
P,0
P_F,0
F_V00,-3,-6,-2,1,6,3,9,2,-13,-21,-32,-43,-42,-42,-48,-54,-17,-7,33,120,50,68,179,-14,82,166,-198,241,153,-1008,473,16192
F_V01,-3,-6,-2,1,6,3,9,2,-13,-21,-32,-43,-42,-42,-48,-54,-17,-7,33,120,50,68,179,-14,82,166,-198,241,153,-1008,473,16192
F_V02,-3,-6,-2,1,6,3,9,2,-13,-21,-32,-43,-42,-42,-48,-54,-17,-7,33,120,50,68,179,-14,82,166,-198,241,153,-1008,473,16192
F_V03,-3,-6,-2,1,6,3,9,2,-13,-21,-32,-43,-42,-42,-48,-54,-17,-7,33,120,50,68,179,-14,82,166,-198,241,153,-1008,473,16192
F_V04,-3,-6,-2,1,6,3,9,2,-13,-21,-32,-43,-42,-42,-48,-54,-17,-7,33,120,50,68,179,-14,82,166,-198,241,153,-1008,473,16192
F_V05,-3,-6,-2,1,6,3,9,2,-13,-21,-32,-43,-42,-42,-48,-54,-17,-7,33,120,50,68,179,-14,82,166,-198,241,153,-1008,473,16192
F_V06,-3,-6,-2,1,6,3,9,2,-13,-21,-32,-43,-42,-42,-48,-54,-17,-7,33,120,50,68,179,-14,82,166,-198,241,153,-1008,473,16192
F_V07,-3,-6,-2,1,6,3,9,2,-13,-21,-32,-43,-42,-42,-48,-54,-17,-7,33,120,50,68,179,-14,82,166,-198,241,153,-1008,473,16192
F_V08,-3,-6,-2,1,6,3,9,2,-13,-21,-32,-43,-42,-42,-48,-54,-17,-7,33,120,50,68,179,-14,82,166,-198,241,153,-1008,473,16192
F_V09,-3,-6,-2,1,6,3,9,2,-13,-21,-32,-43,-42,-42,-48,-54,-17,-7,33,120,50,68,179,-14,82,166,-198,241,153,-1008,473,16192
F_V10,-3,-6,-2,1,6,3,9,2,-13,-21,-32,-43,-42,-42,-48,-54,-17,-7,33,120,50,68,179,-14,82,166,-198,241,153,-1008,473,16192
R_1,0
R_2,0
R_3,0
R_4,0
U,1
