C,0
W,0
G,-14,-10,-6,-2,2,6,0,0,0,0,0
T,10
S,40
H,70
L,40
P,0
P_F,0
F_V00,152,116,106,60,77,96,176,216,190,68,-98,-132,-54,-75,76,204,171,-6,-212,-200,-191,-270,-79,20,-97,23,-727,-592,382,-1401,2143,8969
F_V01,152,116,106,60,77,96,176,216,190,68,-98,-132,-54,-75,76,204,171,-6,-212,-200,-191,-270,-79,20,-97,23,-727,-592,382,-1401,2143,8969
F_V02,152,116,106,60,77,96,176,216,190,68,-98,-132,-54,-75,76,204,171,-6,-212,-200,-191,-270,-79,20,-97,23,-727,-592,382,-1401,2143,8969
F_V03,152,116,106,60,77,96,176,216,190,68,-98,-132,-54,-75,76,204,171,-6,-212,-200,-191,-270,-79,20,-97,23,-727,-592,382,-1401,2143,8969
F_V04,152,116,106,60,77,96,176,216,190,68,-98,-132,-54,-75,76,204,171,-6,-212,-200,-191,-270,-79,20,-97,23,-727,-592,382,-1401,2143,8969
F_V05,152,116,106,60,77,96,176,216,190,68,-98,-132,-54,-75,76,204,171,-6,-212,-200,-191,-270,-79,20,-97,23,-727,-592,382,-1401,2143,8969
F_V06,152,116,106,60,77,96,176,216,190,68,-98,-132,-54,-75,76,204,171,-6,-212,-200,-191,-270,-79,20,-97,23,-727,-592,382,-1401,2143,8969
F_V07,152,116,106,60,77,96,176,216,190,68,-98,-132,-54,-75,76,204,171,-6,-212,-200,-191,-270,-79,20,-97,23,-727,-592,382,-1401,2143,8969
F_V08,152,116,106,60,77,96,176,216,190,68,-98,-132,-54,-75,76,204,171,-6,-212,-200,-191,-270,-79,20,-97,23,-727,-592,382,-1401,2143,8969
F_V09,152,116,106,60,77,96,176,216,190,68,-98,-132,-54,-75,76,204,171,-6,-212,-200,-191,-270,-79,20,-97,23,-727,-592,382,-1401,2143,8969
F_V10,152,116,106,60,77,96,176,216,190,68,-98,-132,-54,-75,76,204,171,-6,-212,-200,-191,-270,-79,20,-97,23,-727,-592,382,-1401,2143,8969
R_1,0
R_2,0
R_3,0
R_4,0
U,1
