C,0
W,1
G,-13,-9,-5,-1,3,7,0,0,0,0,0
T,21
S,80
H,65
L,60
P,0
P_F,0
F_V00,-27,-24,54,26,-11,-57,8,16,30,-3,16,-44,-41,9,118,25,-114,-124,98,174,21,-188,-107,64,162,110,-16,-333,-465,540,2360,11848
F_V01,-27,-24,54,26,-11,-57,8,16,30,-3,16,-44,-41,9,118,25,-114,-124,98,174,21,-188,-107,64,162,110,-16,-333,-465,540,2360,11848
F_V02,-27,-24,54,26,-11,-57,8,16,30,-3,16,-44,-41,9,118,25,-114,-124,98,174,21,-188,-107,64,162,110,-16,-333,-465,540,2360,11848
F_V03,-27,-24,54,26,-11,-57,8,16,30,-3,16,-44,-41,9,118,25,-114,-124,98,174,21,-188,-107,64,162,110,-16,-333,-465,540,2360,11848
F_V04,-27,-24,54,26,-11,-57,8,16,30,-3,16,-44,-41,9,118,25,-114,-124,98,174,21,-188,-107,64,162,110,-16,-333,-465,540,2360,11848
F_V05,-27,-24,54,26,-11,-57,8,16,30,-3,16,-44,-41,9,118,25,-114,-124,98,174,21,-188,-107,64,162,110,-16,-333,-465,540,2360,11848
F_V06,-27,-24,54,26,-11,-57,8,16,30,-3,16,-44,-41,9,118,25,-114,-124,98,174,21,-188,-107,64,162,110,-16,-333,-465,540,2360,11848
F_V07,-27,-24,54,26,-11,-57,8,16,30,-3,16,-44,-41,9,118,25,-114,-124,98,174,21,-188,-107,64,162,110,-16,-333,-465,540,2360,11848
F_V08,-27,-24,54,26,-11,-57,8,16,30,-3,16,-44,-41,9,118,25,-114,-124,98,174,21,-188,-107,64,162,110,-16,-333,-465,540,2360,11848
F_V09,-27,-24,54,26,-11,-57,8,16,30,-3,16,-44,-41,9,118,25,-114,-124,98,174,21,-188,-107,64,162,110,-16,-333,-465,540,2360,11848
F_V10,-27,-24,54,26,-11,-57,8,16,30,-3,16,-44,-41,9,118,25,-114,-124,98,174,21,-188,-107,64,162,110,-16,-333,-465,540,2360,11848
R_1,0
R_2,0
R_3,0
R_4,0
U,1
